 PDE 2019  7  6 03 19 52.63  35.7664 -117.6047  17.0 0.0 6.4 CENTRAL CALIFORNIA                      
event name:     201907041733B
time shift:     10.0000
half duration:  10.0000
latitude:       35.8164
longitude:    -117.5432
depth:          11.5000
Mrr:      -3.157973e+25
Mtt:      -4.055092e+26
Mpp:       4.370889e+26
Mrt:       1.234484e+26
Mrp:      -7.113363e+25
Mtp:       1.161222e+26
